110000010001 
110101110101 
001001011001 
010000001110 
111101110011 
000100110101 
001110010000 
001110001100 
110001000101 
110111100101 
111100101010 
001011001101 
110101000011 
111101101010 
001010001010 
000000100001 
001001001010 
111111110111 
000101010010 
101011101000 
000000000110 
110111110111 
111111000100 
111001110010 
110110111000 
000010100011 
111011011011 
110010111101 
111000100000 
111101110001 
111111010100 
111000111011 
110000001101 
000010111001 
111010101101 
111101110010 
111011110101 
000101001111 
111110111010 
110111111110 
000001011101 
001001111010 
111100100011 
110100111111 
111100011111 
000011000011 
000110101001 
000011011010 
110010010101 
111101111100 
110010111000 
001111111111 
111111100101 
000011111100 
001100101001 
001000011111 
111000011111 
111011100110 
000001100010 
110011011011 
001000100010 
111100001001 
000001000100 
001111110100 
111110111000 
111000001000 
000011010000 
000001111100 
000011001011 
111110100110 
111101011101 
110111001011 
111001110001 
110001111001 
110000100001 
001100001101 
000101011011 
101101110010 
110100100100 
110111000101 
000111101001 
111101011001 
001101000010 
000111100110 
110010101110 
000011000101 
000110010000 
000110100110 
000100110100 
000001000110 
111011101101 
000111101100 
111110011001 
110101111000 
000101000110 
001100110010 
111010001010 
111101111101 
000111110001 
110000100001 
000001110010 
010000101001 
111011111011 
000001101001 
010001111000 
110111100000 
000000100000 
000101001011 
000010101010 
111111100110 
111000111000 
111111101111 
111010111010 
010010001010 
111110011001 
111010111001 
110111110101 
001110011100 
111000111010 
111101010000 
110110001001 
111000111111 
111011010011 
001001111001 
111011011001 
000110011001 
110110100011 
111101010001 
000101011100 
000111100010 
000001001111 
001000111100 
111100110001 
000101001001 
001001010100 
111110110111 
001001010110 
001010111110 
000101111101 
111100010010 
000000001110 
001010110110 
000010011100 
001111001100 
001000100011 
111001011001 
001010110001 
000010111001 
000000111100 
110011111101 
111100100101 
000010101011 
111101111010 
111111001011 
000010001100 
000000001000 
000001011111 
000011010101 
000001110101 
000000100110 
101000110001 
101010110110 
111001110100 
111101011101 
001010110100 
000111000100 
111101100100 
111101000100 
110001010011 
111010000000 
000111001000 
000010011001 
110000111110 
111111110100 
111101001110 
001000000001 
111111100011 
001100011010 
111000000100 
000110111111 
101111011000 
101111111000 
111001100011 
111010001010 
000100001101 
111111100010 
001000111111 
111101000011 
000010001111 
000011000000 
111001011110 
111110100110 
111001110011 
110111000101 
110010010010 
111101110100 
001110001010 
110011101010 
111011010111 
001001111100 
110010110011 
110010110100 
000010011011 
000011100110 
101111010011 
000110001111 
000100111110 
110100011001 
001000110011 
111001000011 
000100010001 
001100111110 
000100101100 
111010000110 
111001000110 
111110111100 
000100011010 
111101000110 
000010100111 
000010110100 
110110000011 
111101010101 
010011111111 
111100111010 
110101101111 
110000110100 
111010000100 
111001101110 
010001101111 
000011000001 
111110110000 
000000001011 
000111100010 
110110100111 
111111010010 
111000011101 
000001001101 
111011111000 
000001000001 
000101111001 
000100000101 
111111100101 
111010100000 
111110010110 
110111101111 
000110100110 
000001001110 
111111100111 
111001011001 
111011011000 
000100000011 
000001011011 
001010010111 
000111001010 
110110000010 
000011100101 
000000101011 
000001110110 
111111101001 
111111010000 
000001100011 
111111000011 
000101101110 
111110001101 
111001010000 
110101101100 
110100110101 
000111001010 
111100110101 
111000011110 
001011010111 
000001111001 
000011011111 
001010001100 
111001011110 
000100000111 
001000000101 
111100010001 
001100101011 
001010000010 
111010100011 
001010000111 
111110110111 
000010100110 
111000100101 
000111011101 
111001111101 
111001101010 
110010110101 
000000110001 
111110010000 
000100101111 
111100010101 
001011101111 
000111101101 
000011010101 
000001100111 
000111000011 
111011010111 
001010010010 
111010000100 
000111000010 
110000110101 
000101111111 
111001110000 
111011100001 
000110011110 
010111111001 
000010101001 
111011000000 
000110010100 
111111110100 
000010010100 
001101000000 
111111010001 
111111111101 
000100110011 
000101010000 
111100000000 
110000010110 
000100110100 
001100101101 
000110010111 
111101110100 
111101100100 
001000001110 
110110010000 
010000001100 
000111110001 
000100011100 
000000010011 
111100001101 
111001011100 
111011010111 
111011001101 
111111011010 
000101100000 
001010000111 
000000101100 
001011111101 
001000001001 
111110111000 
000001011000 
111101001010 
000001110110 
001001010000 
110011011110 
001110001111 
010100110001 
000111110000 
000111101011 
110011110011 
110100010011 
111011100001 
111010111001 
000110111111 
000011101110 
110011010000 
111010000110 
111100111111 
111100100000 
001110010000 
111110010011 
000110010011 
000111001110 
111101111101 
000010111000 
110111001011 
000001111100 
001001001100 
000110111110 
111010111001 
000011010001 
000011101010 
001001100101 
010001100100 
010010011110 
000110100000 
000100111101 
111100100101 
111111110010 
000110011001 
001111000011 
000000010111 
111100011000 
000011110101 
111010100011 
000101111110 
111111101011 
000000101110 
111101001100 
001110001001 
000000100001 
000001001001 
110011000110 
000101001010 
111101101111 
111101110100 
111100111000 
000110110100 
000111000111 
000011100000 
000010100011 
111111100010 
000011011010 
000001000100 
001100000100 
110100110011 
001011100001 
000011000001 
001000001100 
111100111101 
000100001011 
000111000000 
000100101111 
001101010010 
001100000100 
111010110001 
110000111010 
111000110000 
111111010101 
110110011111 
111000100111 
001011000110 
111011000010 
000010101111 
111101110111 
000000010011 
111011100001 
000110000101 
001100110110 
010010011001 
111010000100 
110111011011 
111110011101 
000000010001 
110111011011 
111101010101 
001010001110 
000001010111 
000101011110 
001011001111 
111011010100 
101101010011 
000111111100 
110001101100 
000010101111 
001000111110 
111101101110 
001010110010 
000110101001 
001000111110 
001010001110 
001001111011 
111111100001 
000011100001 
000100111100 
111110111111 
000101010010 
111111100110 
110011010101 
000101001100 
111111100100 
000101010010 
111010010001 
001100001000 
111101010100 
110110000111 
000110100000 
000001101111 
000010110111 
110110110000 
001010001111 
110110110101 
000010100111 
111000110001 
110000101010 
111111110111 
000111000110 
111100001011 
111111010010 
111000101100 
111010111010 
001010011010 
111110000101 
111001011110 
111101101000 
000101100011 
000000001110 
111010111110 
111110110000 
010011010110 
110011111110 
111001001001 
000011111101 
111101001001 
000001010000 
110100101001 
000001010010 
001111100100 
001001010000 
101011111010 
001001010111 
111111001010 
110011110010 
000010110000 
110101100001 
001001110110 
101100011010 
000000110101 
111010011001 
111011010101 
000100101000 
111111111010 
111101111011 
111110001111 
000111011001 
111011111000 
000010001011 
110111111111 
111000001000 
111010100010 
000101111010 
101101101111 
000010111011 
000100010110 
001101011011 
001111010100 
111000001100 
000111100101 
111011010000 
111000000000 
000100001101 
111110111101 
000001001000 
111101011100 
001001111110 
100101110010 
001100110111 
111110001010 
111110100011 
111011010101 
110011110000 
000000100100 
101100010110 
110111010111 
110110111101 
000000100101 
111100100000 
110011011001 
111100010101 
101111110110 
000101000000 
010011010101 
000000101111 
110110010010 
000101010010 
000000000111 
000011111100 
110010011111 
111100101101 
111110110101 
110111001111 
111111011111 
111000000000 
000010111101 
111110101011 
000010110100 
111100001010 
111101110110 
111010100001 
111001011111 
110110011000 
000010111101 
000001000111 
111100100100 
000001001001 
000010111111 
000110000110 
001111010110 
111000001111 
110010010101 
111001110110 
111011101101 
000110010110 
001100111110 
111011011001 
111111011100 
110110100110 
001001100010 
000111010011 
110111111001 
111111110000 
000010100011 
000000000111 
001000011001 
001010110000 
000010010101 
111100101100 
000000011011 
000111000100 
000101000011 
001010101100 
111110010111 
000111110001 
000100101001 
111001100110 
000110111100 
000010100110 
111010110000 
000001111010 
001010111000 
110111100000 
001110101100 
000010110000 
111100011100 
111111011101 
000100111010 
000010011111 
110010110001 
000000100001 
111001111010 
000101010000 
000000110101 
111101101111 
110001100100 
001011110011 
111001010010 
110110011111 
111110101001 
000101000110 
000111011101 
001000111101 
000000001110 
000001111100 
000110111011 
111111010111 
000110101100 
000010100010 
111011011110 
000001101111 
111101011111 
000101010101 
111100110010 
000010101011 
000110111001 
111101111011 
111101100111 
111011010101 
111110001101 
111110011000 
000010100100 
101110001000 
000110110011 
110111101111 
111011111000 
000000000111 
111111100001 
111010101101 
000010011100 
111100101110 
110101101111 
111101101110 
111111011110 
001000000000 
111001100101 
000000101111 
000010001100 
101110111011 
000011001110 
111000010101 
111101011000 
111101011100 
111101001111 
110110100011 
001010000000 
001001110010 
001010010111 
111011100110 
001011111010 
111110110001 
000010010110 
111000111011 
000110010100 
111001000010 
111011001111 
110100111001 
000000111111 
001001101100 
001001100010 
000001010010 
111001001001 
000000101111 
110011011111 
111111011011 
000111000100 
110111000001 
000101101011 
000111110100 
110011001110 
000001010011 
110010000110 
111010011101 
110110011100 
001100101001 
000100111100 
111111101110 
111001111110 
000000010000 
101111101011 
111011110000 
111111110010 
111011011011 
111111010001 
001111001100 
110000110010 
001101011101 
111011111101 
000111000000 
110111011011 
111010010110 
001000110110 
111110011101 
000011001100 
110011110101 
111100100010 
101110110111 
111101111100 
111010011010 
010101111001 
111100000110 
111101101100 
111011101111 
111111110111 
110101100111 
111100001100 
110101100001 
000111110011 
111000111111 
111010010111 
001111110101 
110000010010 
000101001010 
110011101000 
001011101110 
000010101001 
000001011000 
010000110010 
000000010011 
110010110110 
000001011111 
111110011000 
111000111111 
111110101011 
111000001011 
111101111000 
110101001000 
111001001100 
110111010000 
111010100010 
000000010001 
000111011000 
000001110001 
000010010100 
111000110101 
111110110010 
111110101000 
000100101001 
001001100111 
111001111110 
111010001000 
111000001101 
000100111100 
000110000110 
001010110101 
000100110011 
111011001110 
111110100111 
000101101011 
111011000001 
111110001101 
101111000101 
111011111110 
010110101010 
000011100001 
000011001001 
111100110001 
000000001111 
000000100000 
000101100000 
000001000011 
000001000110 
110000110010 
111100110100 
101111001101 
110111110110 
001100111101 
000100001101 
000111001000 
000011101111 
111101001101 
111100111000 
111110010000 
110101100100 
000101101011 
000001110010 
000000101001 
000011011111 
000000100010 
000100010010 
001000100110 
001000110000 
111100101101 
111000111001 
000100000111 
111111000011 
000111101011 
000100010010 
111101010110 
000111010001 
111100011010 
110101010101 
111100000001 
111101111011 
001011100010 
000011100111 
110110101101 
001011000101 
000111101010 
111011110011 
000000011101 
001010000100 
110101010001 
111101101110 
000111110111 
000001111000 
000010000110 
000000010101 
000010011101 
110000100110 
110110001010 
111101100010 
001001101100 
001110110110 
110110011101 
111111100001 
111110111111 
111101110001 
111110110111 
000110101110 
001101100110 
111010001011 
110110010110 
110111011100 
101110101001 
000010000000 
111111001111 
111111010001 
110111011111 
001001001011 
111111000110 
111001011100 
001100101010 
111010011110 
000111101010 
111111110111 
111011001101 
010000000011 
111110010110 
000011110100 
110111111100 
000110101011 
111110101000 
000000111111 
000100101100 
111101100100 
010000111001 
000011100000 
001010110101 
000111111000 
111110101101 
001011010000 
000011011010 
000110100001 
110010111010 
110000111010 
111100101100 
000001010011 
001000011011 
000100100011 
001010010011 
001001100010 
000001110001 
000111100001 
000000001110 
111010011000 
111110110101 
110101100001 
001001110110 
110111110010 
001110000000 
110111001011 
001011001001 
110001101001 
111100111001 
111010010110 
101100000101 
001010100011 
111000011101 
110010101110 
101111100101 
111111001111 
000011000111 
111101001000 
110001000011 
000111110100 
110111000101 
110110001110 
000001010110 
000010111110 
111001011110 
111100000110 
001001000101 
110111000100 
111101010011 
110000011001 
000000011100 
110110000110 
110011100010 
111110110110 
110101011001 
111001110000 
000111101110 
111100101001 
110100100110 
000010010010 
111011011010 
001000001110 
000110001011 
111100101010 
111111101010 
110100100000 
111101101100 
000100100011 
111100101010 
111101011101 
000000000010 
000110000100 
000011010110 
110110101011 
000001001000 
001000011100 
111101111101 
010110000010 
000000110011 
001110101011 
111100111111 
000000001010 
000111111001 
110110001001 
000100101100 
111000001110 
101010011010 
000010101011 
000111000011 
101111100010 
111110101110 
111101010100 
000001011101 
000110111011 
111100100011 
000000111000 
111001110101 
111001110011 
000011110111 
000011110111 
001100000000 
111010000101 
111000110011 
001100001010 
001001010110 
000101101000 
000010000011 
010001100100 
111110100111 
111001101100 
000010010000 
111110101101 
111101000111 
110000001101 
111110111111 
001000101101 
000010101001 
000010111010 
001111011011 
001001111000 
001010000010 
000010101110 
111000001100 
001101110101 
110110100000 
000111000111 
000010000101 
000011110110 
010110001100 
111111001001 
111110101000 
111111101100 
101111010111 
000011111010 
111010101110 
111100010101 
000011011111 
101011111111 
111100010101 
111011101011 
111100001011 
000011110111 
111010010010 
000000110010 
111001101011 
111100110001 
111011100001 
001011011110 
000101000110 
110110110000 
110100111000 
001100011010 
111001101000 
110011111011 
001001000111 
101111101111 
111110001011 
110110000011 
000000110010 
111110011001 
111010011111 
001100100011 
000000111000 
000001111101 
000000001111 
000001100111 
000110100000 
000001101110 
111110101010 
110011110011 
110101011100 
000110001110 
110101011000 
111011101010 
111000110011 
111100001110 
110101101110 
111011001101 
111100010001 
110101000111 
111000000011 
110110100101 
111110100001 
111100110010 
110001111010 
001010111000 
111101000100 
000000111000 
111011110110 
111010110111 
000001010000 
000011110001 
001001010010 
000001000000 
111100100111 
111000100000 
001010110110 
000010101000 
111010101110 
111001100011 
110011100000 
111001111100 
000001101111 
000110111100 
110110101110 
101100011101 
000111001000 
000100101000 
000001001101 
110111111001 
000110010000 
000000011101 
111110111100 
110111001010 
111001110100 
111110100110 
000000101100 
111011000011 
111101101111 
000100101010 
111010010101 
000000100111 
111111000111 
111010110101 
000000010100 
001001110001 
000000111011 
000010011010 
111000000101 
110110101010 
000101010001 
110101000010 
111100101011 
000101100101 
000111010110 
010111100101 
111100111111 
000110100100 
111011011100 
111011100110 
111111111010 
000000101011 
001000001001 
001110010100 
111010101100 
001110000011 
001000100011 
111110101100 
111101001100 
111101011000 
000100000011 
111001101110 
001101000100 
000100100110 
111000011001 
111001010101 
111010110010 
000011010100 
101011000011 
111100100100 
000010110111 
001000100011 
000001001011 
000001111010 
111010111100 
110101011111 
000110000001 
111101110110 
000011000111 
111100000101 
110011011001 
110010010100 
111110101101 
000101010100 
001001110000 
111011001011 
111010100000 
000110010100 
000110010101 
110010011100 
000110001000 
110111111100 
110110000110 
000000110111 
110001011111 
111011001111 
110010100101 
111011001101 
000101001111 
001011011000 
000110101100 
000100100110 
000110000010 
110010100101 
111100001010 
001110010100 
110010111010 
000000111011 
000101000010 
000111001100 
111011001000 
111010101010 
001110101010 
110011110001 
111100100100 
000010001110 
111100110000 
111010111110 
111010000010 
110100010101 
111000100000 
000010111101 
001010011011 
111011101100 
111010001101 
000011101010 
001011110110 
000111101000 
001000110100 
001001111010 
101111101101 
110111010100 
000011100110 
010001100000 
110101001110 
000011000110 
111110100001 
010011011101 
001001110000 
000001111101 
000100100110 
111111110011 
001100101011 
000001101010 
000111001000 
001100000110 
001011001011 
111111010011 
110111011111 
010000101101 
000010000101 
111101100100 
110111010100 
001001010010 
111101110010 
101111101010 
110010101111 
111011001001 
110011111111 
001010100101 
111011010010 
111110101000 
111010001011 
110010000000 
000001011000 
111110110110 
111011001011 
001110100110 
001011001010 
000000111101 
110111010011 
001010010001 
111011100010 
111100100011 
111001001101 
111001100111 
010000000001 
101011001101 
110111011110 
001000000000 
000010110110 
000010100000 
111010011101 
111011010011 
110111100011 
110010011010 
111101100011 
000000011001 
001010101001 
000011100101 
000111000001 
001100110111 
000111011101 
111001001110 
000001010101 
001001010000 
111100111000 
001000011000 
000111011011 
111011110000 
001011101001 
101011110001 
000101001010 
111010100111 
111110010010 
111101010110 
111111101000 
000110110100 
000010100110 
000111110100 
000001111000 
000000001011 
111110111101 
000010111110 
111011101111 
111110010001 
111110110001 
000100101101 
010011011110 
000011000011 
111100011010 
001100110100 
111010110010 
001011011000 
000011011101 
000011011100 
010001001101 
000001000010 
111000010001 
111010110101 
111001001001 
111011111100 
001110001010 
000010011010 
111000000101 
111101000101 
111001100001 
111000100011 
111110101110 
110011100100 
000100110011 
110000011110 
111101101111 
001011001011 
001000010010 
111101101100 
111101011111 
000101100101 
111100100000 
001100101010 
111010010011 
111001001011 
111000100101 
000111110001 
111101001110 
000001101001 
000010000111 
111101111111 
001010101000 
111101000100 
111010100011 
111011111101 
001001101011 
001000010000 
001100100001 
110111011010 
000010110010 
110011000101 
110111000000 
001101000011 
111011000100 
001001001010 
000100010110 
111000011000 
011010011001 
110100001010 
000010000011 
111011111111 
110100011111 
111111001001 
111011101000 
000010100111 
000100100101 
111110000110 
000100111110 
000000000100 
111110011101 
110110101000 
000000101011 
000110010101 
111101011010 
000011001100 
111100110001 
000011011101 
111110001001 
111010001011 
111100101111 
001100001010 
111100110010 
000011001111 
001110101010 
111000111010 
000000011110 
000010100010 
110110001101 
000010011101 
000101011010 
110101101101 
111101000100 
000011010010 
111000100000 
111011011101 
000111111100 
110011110100 
111101100110 
111101011011 
110111100011 
110101101010 
000110010010 
110110101000 
110101100101 
000111110010 
111100001001 
111011111101 
000000111011 
110111110110 
111110110101 
111110011010 
000010001011 
111011110101 
001001000001 
111010001010 
000010001101 
110110011110 
111001110011 
111110100011 
110110010000 
001101011110 
001000110111 
001000000010 
110011011110 
001000101010 
000101100100 
110111110001 
001000000101 
111000000010 
000100010101 
110110011100 
111111111000 
001101010101 
000100111100 
111010110100 
111110000111 
000000101111 
010001010011 
000000000100 
111011110000 
111010111111 
000110110011 
000000000100 
000100110010 
001101000100 
000001111011 
111011110100 
111100010011 
001101010100 
001000001100 
111100101010 
000010001001 
000111000001 
001101111100 
001010010100 
000010100111 
000010000011 
110101011110 
110011001100 
000010010001 
000001011011 
111000111111 
111110111010 
111100111101 
110001111010 
001001100100 
110110000001 
111111001001 
000100101100 
111010110011 
001010010100 
111001111111 
000000110110 
001001001000 
000101010011 
000011101001 
000101111001 
110000000011 
111101111000 
000110101101 
011010010010 
111110001001 
110010010011 
111100001000 
110111101101 
111001001100 
001011111001 
000101110100 
110010000010 
000001100010 
000001000001 
001001010100 
101111101111 
000001010110 
111101101010 
000010110101 
000100010100 
001000000001 
110000100100 
011000011001 
000101100111 
111101000100 
111111110000 
111111100001 
000010010101 
111100100001 
000100011100 
101101010011 
000000011010 
000110111110 
111100100000 
100110010101 
000100100110 
000000011000 
101111001010 
111011000100 
000101001010 
001001000010 
111101111111 
000110001001 
111001110011 
111000010101 
111100100011 
001101001111 
111000110101 
110110100011 
000000100101 
111010101010 
101101010111 
111010000000 
001000100001 
111101010011 
111010100011 
111110001011 
001001111101 
111000001111 
001110011100 
101101111000 
111111101001 
001001111101 
000110111111 
001000101110 
000100001110 
001000010101 
000011010001 
101100001001 
000000010111 
001100110011 
111011110001 
001110011100 
111111101011 
000000110001 
111011001011 
110101101111 
111110100011 
111100111111 
110100010101 
000100111011 
000001010001 
000001111101 
000101011101 
000001110010 
111101101111 
111011010011 
111000100101 
111101011111 
000001111100 
001000111011 
111000010011 
000111100000 
010000010001 
111111001100 
000111011111 
111010001110 
000111011110 
000100111000 
100111110101 
110111001011 
110111101111 
000101110110 
001011011101 
000010010000 
001000101011 
000000101001 
000000101110 
001001011100 
000000101100 
110011101000 
000110001101 
111001101000 
000001101110 
111001100100 
000101111000 
001101110100 
111001110110 
000011111010 
111100010100 
111101100001 
111000011101 
111100000000 
111000100101 
000110001000 
111001100101 
111101111001 
001100101010 
001101010001 
111100111000 
110111011000 
111110000011 
110011010111 
111000110101 
000100001000 
110010111101 
000010010111 
000010001110 
110110111011 
111101011001 
