111000111100 
110000100100 
111111111100 
111100111010 
001001011111 
000000001011 
000010001011 
111100011011 
101111110111 
001100111111 
000011001000 
001100000110 
111110000001 
111101011011 
111101110000 
110111010010 
110010111110 
111110100100 
111101010110 
000110001010 
111110011100 
001001100110 
000001000100 
000001100000 
001000101101 
110101010101 
000010011001 
111110110011 
000011100101 
111111110011 
111011111010 
111101110000 
111111111110 
111111001010 
111000111001 
110111110111 
000110000001 
111101001101 
111011101010 
000000001000 
001101100000 
111010000010 
111101100001 
000001100001 
111000100011 
001001011001 
000010011100 
001000010000 
001000111001 
001011110001 
110000001101 
000001000011 
010100010111 
110100110011 
111110110011 
010010100101 
110111111111 
001001000011 
000011111110 
000110100100 
000101111001 
000100101101 
001010001101 
001010001001 
111111001001 
110101001111 
111110101010 
111011110100 
001110000001 
000000101111 
001001100110 
000011100110 
110100101110 
000111101110 
000101010111 
110011010111 
111010011000 
111101000100 
111100010100 
000001001100 
000100010011 
111011100001 
001100000001 
000011101101 
001011100000 
000011001010 
001011010001 
001000100111 
110001110001 
000111011001 
000101100001 
001100110101 
110101001010 
000110000000 
000110100111 
000110101011 
000000101001 
111100111111 
111011110111 
000110001101 
000010001111 
111000010111 
001011101111 
111011001111 
000011110001 
111100011111 
101110110101 
111111110001 
111011101101 
000011001001 
110101000011 
111111001001 
000010010110 
000010011110 
000100101101 
000001111111 
000111001001 
111101001001 
000010111001 
111101110001 
000111000001 
110110101101 
111101000011 
111111011001 
000110111111 
110010010001 
111110100101 
000101011101 
110100010010 
000111011010 
111010011001 
110011100011 
000000101111 
000010100011 
000000001000 
111100111010 
000010011011 
111010110101 
110011100101 
111110111011 
101111111011 
001000001001 
000010111011 
000010010011 
000001001011 
111011100001 
111111110110 
001100000010 
111111010110 
001011010010 
000001111001 
000000111101 
110110100111 
000001110101 
000101001000 
111000001110 
000000001100 
111111110000 
000011110101 
000101000001 
000000101100 
111010100110 
110110110111 
000110111011 
111101100100 
000110110100 
100101100111 
000100001111 
000011001010 
001111110000 
110101111101 
000001101011 
001001001100 
000011101010 
111010100010 
111001001100 
000101000110 
111001110000 
000110101101 
000011000111 
110101100001 
101011101101 
000001110010 
111010100110 
000100101001 
000011101001 
001000111100 
110010110110 
111100110001 
111000101011 
111000011101 
000111100111 
000110010111 
111111010101 
111101011110 
000001010000 
000010100110 
001101001110 
110001110101 
110000101101 
111100010101 
001010010101 
000010011111 
000111110111 
011001110101 
111001110101 
000000100100 
000010101010 
000000000000 
001001100000 
000010010111 
111011111011 
000010011110 
111100100100 
111011111101 
110010101011 
110011111000 
000010111100 
000101100111 
111110110111 
000000101011 
001110011111 
000000111110 
000001010110 
111001011001 
000110011101 
110001011001 
010000010001 
001010001111 
000110010111 
110101111001 
000110110101 
111100100101 
000101100011 
000100001000 
000011111100 
001010110011 
000111110001 
000010011001 
000010111111 
110010000010 
000101001110 
111100111011 
111011010001 
111001110000 
111110111000 
001001100000 
001001010010 
111011111100 
111001000100 
101111101111 
000001001011 
000000001101 
111110110101 
000101111011 
000100001011 
111000000111 
111111000101 
110110101001 
101100001001 
111111111000 
111101010110 
001100011011 
001000001011 
111000111011 
000100101011 
111100101011 
000010101101 
001100110111 
001000110101 
111010001010 
111010101110 
111011010001 
001000000011 
111010100101 
110100100001 
000100111011 
001000111101 
010000000001 
110110001001 
000100000111 
111101010011 
000010100110 
111010110100 
000010101000 
001001101000 
111011001010 
111001110100 
111011011110 
111110100000 
001001011011 
000001010001 
111001010000 
111101100110 
111101100100 
111011101110 
001001001001 
001000000001 
111110110111 
001010110001 
101111110001 
111001100011 
110001001110 
110001001010 
001010001011 
111101000001 
000100100011 
000101000001 
001101111010 
000010001100 
111010100111 
111111010101 
111101111100 
111101100100 
010100010001 
110001111001 
110100100000 
110110111100 
000011000001 
000010111001 
101101011000 
110100111010 
001011101110 
111110010010 
000111000111 
111101101111 
000100101100 
101110011110 
111011110000 
110110001110 
110000110011 
000011111111 
111000111101 
111101100101 
000110110000 
111001001110 
111001111100 
101111110010 
000000100011 
110001011101 
111010010010 
000001001100 
111110110110 
001000001010 
000010110011 
111011011001 
001110111110 
110111111010 
000110001111 
101111010001 
000001110110 
000001011010 
001010000001 
110111010011 
001000110000 
111010010010 
000010010011 
000101001011 
111101001101 
101110110111 
111101100010 
000000110010 
001101101111 
111001000101 
101101011000 
000011110110 
000100001000 
001111100000 
000111011100 
000010000010 
110100100100 
000010010100 
000101110011 
000000101001 
001000001111 
111000110011 
001001100010 
000001011000 
000001010011 
000010010011 
000101110010 
000001001100 
000001111010 
000011100100 
111011110001 
000011011011 
000001101100 
111111100100 
000110010101 
111101111011 
000110111100 
000100100010 
111110000110 
001100011000 
000100100100 
001001001000 
000110101011 
000001010001 
111101110101 
111111000001 
111010011111 
111110010101 
111001011010 
000010000100 
111110000000 
000001000100 
110010010101 
000011000111 
001001101110 
000001101110 
000010100010 
111111000000 
110111101010 
111011111000 
111010101100 
000100000000 
010100110010 
111010001100 
101110011011 
001000100001 
110001000110 
111010111010 
111110000111 
110111001111 
110010100111 
000000110101 
000111010010 
000110010110 
000010010000 
001110011100 
110111000101 
001000100111 
001011100000 
110111000010 
000110011000 
111100001100 
111101000000 
000010100000 
111010100000 
000000100100 
000100101011 
000111110011 
000010100010 
010011001110 
100010000001 
000001000011 
001111111010 
111000101010 
000100110110 
111001010010 
001011000000 
001010101100 
000000101110 
000100111100 
111110001111 
000001100101 
001000000010 
000100010010 
000010010010 
000110100100 
001110011101 
000111010101 
000001011110 
101100011100 
000101100010 
010100010100 
111001010001 
111101011011 
000110010001 
000011101011 
111110111100 
110101101010 
000110101001 
110101010001 
000001011110 
111111010000 
001011011101 
000101110011 
111110110011 
111100000101 
110100010001 
111111010101 
111010001011 
111010110101 
000101101001 
111111011111 
111110110010 
000010101010 
101101100100 
001010101010 
001000101110 
110100001100 
001111110001 
000010111111 
111011001101 
000111000011 
001010101000 
111010111000 
000010010010 
110011111000 
001001010010 
010100000100 
110110111101 
111110100101 
111011110111 
010011110001 
001001000101 
111010000011 
000001101100 
111101110100 
110011001001 
111010011101 
111101101100 
110011111010 
111111001010 
110110101110 
111100100011 
111000101111 
110011011100 
000000101010 
000110111101 
000011010001 
110000111000 
010000110010 
111111110101 
000110010111 
111101100100 
000000111010 
000001111010 
101111001110 
111000001011 
000100001011 
001011101110 
111100100100 
001001011111 
101110101101 
111111010101 
000101100111 
110011001101 
110101111011 
000001101100 
111111001100 
111111111001 
000101101111 
000100101110 
001110001110 
000111000000 
101001000000 
110000111010 
110111111100 
111001100101 
001001010011 
010001011011 
111110111011 
111100101111 
111011110101 
111101010111 
001001000011 
111011011110 
000010100000 
110111001110 
010111001100 
110111111011 
000010001001 
000001111001 
111100111101 
000100101010 
110110100010 
000001011001 
111100010011 
000011100110 
000100100000 
111011100011 
000101010101 
000010010101 
111110111111 
000111100001 
111011100011 
000101011100 
111010001110 
111101001110 
001001000110 
111011101010 
000101000110 
000100100000 
111111110100 
001010110001 
110100100011 
000101011011 
111110111101 
000100101101 
000001111111 
000011100110 
111011011010 
111101110110 
000011010100 
001111101111 
111011111011 
110110100101 
111100011111 
111100011001 
111100001011 
111001000100 
110011100110 
111010111101 
000000011001 
111110111001 
001111000111 
001111010001 
000010101001 
000011000100 
110101111110 
000100011000 
110111000000 
111110101100 
000001101000 
000010000001 
111011010101 
110100101111 
000111111011 
101110111000 
001010100110 
001110100101 
111000000001 
001000100110 
000001010000 
111110010011 
000010010011 
110101100100 
000011001010 
000101110110 
000100000110 
111011001111 
000001001111 
110111011000 
000011001000 
111110001011 
111010000111 
111000101010 
000000001100 
101111111100 
000001100100 
001010111100 
001100110000 
111101001001 
001011101101 
111000000010 
110001110010 
000010010001 
111001111111 
000001011011 
001000001111 
111000111100 
111100001000 
111010010110 
110000101100 
000011100111 
110110000101 
000000110101 
111101001001 
111110011101 
001010010001 
111100100011 
110100011111 
000001000110 
001000110100 
111101001110 
111011010110 
000001110111 
111101011101 
111111000010 
111100011010 
110011011110 
111101100100 
111111101100 
111010100100 
000101110100 
000111010100 
000001111010 
110111011010 
110000010100 
111100010110 
111010001000 
000001001000 
111101010100 
001001101100 
000111001110 
110010001000 
000101010101 
000010101001 
001110111010 
111110111110 
000101000111 
111011000011 
001001110110 
111100000010 
000000011110 
111011000010 
111111111111 
111110101011 
000100011000 
000010000100 
000011001010 
111110101100 
111100101010 
000111110010 
000101000111 
111110000111 
111011000110 
111101101100 
001010100100 
110110111000 
001001101011 
000010101111 
111100010011 
111010110001 
000000110001 
000110010111 
001111000000 
001001111100 
111111011000 
111110111010 
001111111000 
000101011110 
111111000011 
111111011111 
111011001101 
000100010101 
000111011111 
110111011101 
001000111110 
110110010100 
111100010011 
111110011111 
000011110011 
000101110001 
111110110100 
000000000110 
000111001100 
101100001000 
111110011101 
000011000011 
111010101011 
101110100011 
111000010100 
000000000110 
001001000100 
110110100010 
111010001100 
000001111100 
110000010100 
000101000100 
111011111001 
111110100111 
000000101100 
110110001000 
111010011011 
110111001101 
110100100111 
000001101101 
000011110011 
000100011111 
111001011010 
111001010110 
111111000011 
111111100101 
110110110100 
001010100100 
001100010101 
000011000001 
110100101000 
001000110010 
111110001111 
000001000111 
101100011101 
000111111011 
110100001101 
000100101011 
111111001110 
000101001100 
111011110101 
111100111101 
000001100101 
110100101111 
000000010100 
111100110000 
110000000001 
111101110011 
111110011010 
111101110110 
000101000001 
001000010001 
000100010010 
111101111010 
000011111100 
000110000100 
111111001110 
111100010100 
000110100100 
111100111000 
110100111101 
111101111011 
111111101110 
000111101110 
111010111010 
000111100100 
111001100011 
111010100101 
000101011011 
000111111101 
000111011110 
111101111000 
000100100100 
000010010110 
000010100111 
000000101011 
000001000111 
111111011001 
000110101010 
111111010010 
111010100011 
001000000001 
000000100011 
000100101111 
111101111010 
001110100100 
001111001101 
111111001011 
111010111110 
111101100010 
000101110111 
000110011001 
111111001111 
000010101001 
010000000001 
111100101111 
001010011011 
000011110001 
000010011101 
111011100001 
000011000001 
000101000001 
111111001110 
111101011100 
111101000101 
001011011001 
110101010000 
001100001100 
000100100101 
001010011111 
000010011100 
110100101010 
111101001110 
000100111110 
000100101110 
111011101110 
111001001001 
111101101001 
111001101001 
110011101011 
000100010101 
111001000001 
000111001010 
001001011100 
111101100000 
110101110110 
000000000100 
110101000100 
000010011101 
101101111011 
000001000011 
111001110111 
110010100001 
111100100001 
110011110111 
000100001001 
110101111100 
000110100010 
001001011111 
001101100101 
111111101010 
001010000110 
001100111011 
000010001101 
111000001011 
000111001101 
000001011101 
110011100101 
000011010000 
000101000000 
001001010010 
110101000100 
111011000001 
110010100011 
001001000100 
001100100110 
111101010100 
110111111000 
111101111000 
111001111100 
000001001101 
010111001011 
000010001101 
000001110101 
111001111101 
000110101101 
000100100111 
111000000001 
110010100010 
111110011110 
101101111110 
101100010110 
111010001110 
001000001010 
001010001010 
110111101010 
111010111110 
110111000000 
111011110110 
110111101010 
110011011101 
111111100001 
000100000111 
000101010111 
111110110110 
111110110100 
001111011000 
111001001100 
111011111010 
001100110100 
000110110011 
000000111101 
000010011101 
001010000011 
110111110010 
000010010100 
111011101100 
111110001110 
111110010000 
000000001110 
001001001000 
001011011000 
001111010110 
000111011010 
110001100100 
111001101100 
111000011011 
111100011111 
000000011010 
111111010100 
000000101011 
000000101101 
111011010001 
111111110001 
010010100100 
101010100010 
000111000110 
000110000000 
110101001101 
001001100001 
001000010000 
001011011010 
111101110110 
110000001110 
000001111101 
000101100011 
110111000111 
000001101101 
111010110001 
001000111001 
000110100100 
000011001000 
001000010110 
001110001100 
111111001010 
001011101010 
111101011011 
001000000101 
110101000010 
111010110000 
001000111010 
110101001100 
110010110100 
000000011100 
101101100110 
001011011000 
110111100100 
111110001110 
000110011001 
111101100111 
000011001110 
110011001110 
000000001110 
000000010000 
000111011110 
000111101010 
000110010000 
111110000100 
111111111000 
000000000000 
111101010110 
000101000010 
111101010001 
110111001011 
111010001111 
110100101001 
001000000001 
000011100101 
110000011101 
000111011111 
000010001011 
111010111111 
110110000011 
000101001001 
000001001010 
111111011000 
111101100100 
000111011100 
000011110011 
111100001101 
000000100111 
001000110111 
110010111100 
111101100110 
110001101011 
111101010101 
111111100000 
111010101100 
110100001101 
000010101011 
111000011110 
000010111110 
110101111010 
111101100010 
000110110000 
000111110000 
111101101111 
111111011101 
111100001000 
111110010000 
111011100100 
111100110000 
001001101111 
000010011111 
000011000101 
111111000101 
000011111111 
111001000101 
110101101011 
111100001011 
000001101001 
111100111111 
000110001001 
111011000001 
111011101110 
111000101100 
111100101000 
111011000000 
001001010101 
000111101111 
111000010010 
111000010110 
000110111000 
000000010010 
000000011110 
111110110010 
111101110110 
001101001000 
110110101111 
111010101101 
000110111110 
000010101100 
000101111010 
001010000100 
111010110000 
111101001110 
110000010110 
110110100110 
001010001011 
111000011011 
110011101001 
000101111111 
111100000010 
000010000100 
000110100001 
111010010111 
000100101111 
111011111011 
111110000010 
111100100100 
111011001100 
000101000110 
111110110101 
111110111101 
111000110011 
111010000001 
111110111110 
000000111100 
111110011111 
000111100011 
111011111110 
111101010000 
111011010011 
001000001001 
000010010000 
111111101000 
110111011100 
001001101010 
000100011010 
111110111000 
000101011111 
001010001011 
111110001101 
000111101111 
111010111111 
010100111001 
000010100111 
000011011101 
111011010000 
000100111010 
000010110010 
111110010000 
000100001101 
111110101001 
000011111111 
000010101101 
000110010000 
111111010100 
001010111011 
111000011011 
111100101010 
110100010110 
110101000110 
110101110000 
110011111010 
110011010010 
110100110010 
110100100110 
101100010001 
101110111111 
000011000000 
111010111110 
001101100111 
111010110011 
110110011111 
101101011001 
111110010111 
111000000101 
111100011001 
000001001001 
111100000110 
111110100110 
111100000000 
111001100100 
111101100010 
001011110100 
111100100111 
000001110011 
000000111001 
111011110001 
001010111100 
000010000100 
000100101100 
001000100010 
000011111000 
110111011110 
110100100100 
000110110000 
111010100111 
000101110111 
111101110110 
001100111000 
111100110001 
110000001101 
000101011010 
111011110000 
110001110011 
111011101111 
000000100100 
000001001000 
110111100110 
000111001010 
000101000110 
111000110010 
000110000000 
111111101100 
111000001001 
000000111001 
111010010000 
001111000100 
100111100001 
000000010011 
111010000010 
010011100100 
111111010101 
110110001011 
000111111011 
001100110101 
000011001111 
111101100011 
000110011000 
111000010000 
001010101111 
111011001101 
111110011011 
111110101101 
000010100100 
000011011010 
101011100000 
000000100010 
111100111101 
111111011011 
111000000010 
001001010110 
111111011111 
111011111011 
111101001101 
111100100101 
000101101010 
110110110100 
111100010100 
000101000100 
111101010101 
111101110011 
111100111011 
001000111111 
001010000110 
110011111000 
111100110111 
001111000101 
001010100000 
000000011110 
000111101111 
000000101111 
110011100101 
000000101111 
000101101001 
110000100111 
000011010011 
110111111011 
000011111001 
101100010001 
101000000110 
101111011100 
111110011110 
000101001110 
000010111110 
111100001000 
001000100000 
000010100100 
110100011010 
111111011110 
110000001100 
001010001100 
000000110111 
000110110101 
000101010001 
111000001011 
110111101111 
000100101001 
111110010111 
000111000101 
000001010011 
111110011001 
111110000010 
000101010000 
111011001101 
000101001011 
111101011011 
001011011101 
000000101110 
000101010010 
000001000101 
111100010111 
111010111001 
110100011111 
000010101100 
000000101110 
110100000101 
001011100111 
000000101101 
111000001011 
111010010010 
111110000100 
000111101111 
000101000001 
111010001011 
000101110001 
111101010110 
111110011000 
111001011010 
110001011000 
001000101110 
111001111010 
000110100000 
000100011010 
001011101011 
110100100001 
110110101001 
010100001001 
000000101111 
111011101011 
000001100011 
111000100001 
000001110000 
111010011100 
000001100111 
111000000001 
111000010110 
111111111100 
000010110011 
000011001001 
111111100010 
000000111110 
000110101101 
111010011111 
111111110101 
110101000101 
111011000000 
000101010000 
111000100111 
000001000101 
111101001100 
111000100010 
000100111111 
110000010101 
000111111001 
000010101111 
110101110010 
000100100010 
111110111000 
111011100110 
111101010001 
110100011001 
000101111011 
111100111001 
000101101110 
000101110100 
110101101010 
101101000000 
111001111110 
110011010100 
000011010111 
000111111111 
000000000001 
000011100001 
000000111010 
001000001100 
111101111110 
000000000000 
111011111101 
000010001111 
111100110000 
000111011110 
001000110000 
000101110010 
001000110000 
111010011010 
111000001100 
111100011010 
111101001101 
111011110101 
110011100000 
111101110110 
111100110000 
111011101110 
110100100100 
000110110110 
111010110011 
000101011001 
010010000100 
111000000100 
101100111000 
110100111000 
111110101001 
110001011001 
001010011001 
111110111001 
001110000100 
000010011100 
111101100100 
000111011010 
000111100110 
110110010010 
111110000110 
111100111100 
000010010011 
001001001011 
111000100101 
000000011011 
111011011101 
000001110001 
000101111001 
111100111101 
000010001110 
000011000110 
000101110000 
000011001110 
000101100010 
001101010000 
110111011110 
111100001000 
000011011100 
111111001000 
000001011110 
111110101010 
100111100101 
001110011001 
101001101000 
111010111110 
111111010011 
000001101001 
111100001000 
000011101100 
010000010100 
001010000010 
111011110100 
000111110100 
110101011100 
000000111100 
001001001000 
111010010010 
111111101000 
000011001100 
110110101101 
110111001011 
111111100010 
000000001110 
111000110101 
111100011001 
000010110111 
000000010001 
110001100110 
000001111000 
111010100011 
111101001101 
000011111101 
110101110001 
000010100110 
000001010010 
111011000100 
000011000110 
000101111100 
111110001000 
110010011111 
111110010101 
111110110110 
111011110000 
111000010011 
111011100001 
110100011001 
000101001101 
110011010001 
000001001111 
110010111000 
111011011100 
001000101010 
110111100110 
000010010001 
000101011001 
000101011101 
111111101011 
010110101111 
110100110101 
000100100011 
001000110101 
000000000111 
010100010011 
001000101010 
110011110110 
001100101110 
111011101100 
000011101010 
111110100010 
000000001110 
001110000100 
111010000111 
000000110011 
000111101001 
111101110101 
111010000000 
000000100000 
110100000100 
111010111000 
010001001101 
000000110111 
111011010000 
000011101110 
000101101011 
001111110101 
000011100101 
000001000111 
111001110100 
101101010100 
000011110010 
110001000010 
111011101001 
000110100101 
000011010000 
000101100100 
010000001001 
000010111001 
000001101101 
000111110001 
001110110000 
110110011000 
000010000111 
001010000111 
110100110110 
000110111010 
111101111000 
000111110110 
000110111010 
110110101100 
111001010111 
111011001101 
101010110100 
000110010100 
110110011100 
111111111110 
111001101001 
111101001001 
000010111010 
111110101010 
001010011110 
110100110110 
111001001101 
000001101111 
000101111011 
000100100101 
110111111110 
111011111100 
111101100101 
110100010011 
111110101101 
000011000001 
000100010100 
111111000110 
111011100111 
111110111011 
000101111011 
111100110101 
000110001101 
000010100111 
001000001111 
111101110101 
111111110011 
001101010101 
001111100110 
000100011100 
111011010110 
000011101110 
000000011000 
111110101110 
000000010000 
111110100110 
001000100000 
000111100000 
000011000001 
111111101001 
111101010011 
101110111111 
001010111101 
110100010111 
111101010011 
111111000101 
001001111000 
001111111000 
000100101000 
010010111110 
000011000101 
001000101111 
000100111110 
110100001010 
000000110111 
101100000011 
111101110100 
000011111100 
001001010011 
000000100011 
110110010110 
111111111010 
001001011011 
000000110111 
000001001111 
111100011111 
000000011100 
001110111100 
001000101101 
111011100111 
110010011010 
000101101000 
111011010000 
000000000010 
000010000100 
111001100110 
001001111000 
111101001100 
000001110111 
111011101011 
