000011001001 
110110001011 
110110000110 
000100011000 
000010010001 
111110010101 
111011001110 
000100100110 
101001011000 
110001100000 
111110110110 
110101001010 
111001111100 
111111010110 
001011110111 
111000110011 
110000001111 
001011100111 
000111000001 
101111111111 
000110100111 
000010110011 
001000010100 
000001011000 
000111001001 
110101101001 
001000000110 
001000010110 
000100001110 
111101001110 
001011110101 
000100001001 
111010011111 
111000111001 
000001110000 
000000001000 
111011011001 
111100000111 
111100100000 
111101010110 
111001110100 
111100110010 
110111111011 
111111100011 
111010001010 
110110100100 
111010000011 
000001010101 
000010100100 
110111111100 
110110110100 
110001011010 
111011001111 
101110001111 
111100011101 
111101011101 
110110101101 
000001101101 
111010111000 
111111100110 
010000100000 
000010000000 
111100111101 
000000110101 
101110011011 
000101000011 
110101010010 
010001000010 
110111100111 
001011100101 
000001011001 
111011101111 
001111000011 
111110101011 
110011000111 
110110100101 
110101101000 
001011011000 
111100110010 
001100000010 
001010111010 
111101111000 
001101101101 
000010000001 
001110000100 
000011000100 
000000111111 
101111100011 
111100110011 
110111111011 
001000010001 
000011010111 
000101100011 
000001010011 
000101011110 
110111101000 
000010100011 
000100001101 
111000000110 
000110101100 
110100100011 
111100011101 
001011000110 
101110101110 
001010000110 
111111101000 
000010011101 
000110010101 
110001101001 
111001110101 
111110010110 
111011111010 
111011001001 
101011100011 
110101111101 
000011111001 
001011010011 
111011110101 
000001001010 
111001101100 
111110001101 
111111010111 
000010000101 
000001110111 
111000111111 
010000011001 
111111100110 
111110100010 
010101000110 
111010010000 
000011100101 
001011000101 
000110111100 
111011100010 
111001110101 
000000010101 
000110111100 
110101011110 
111001110110 
001001010100 
000111111000 
000010010010 
110100111100 
111100011100 
000010100100 
000111100010 
111101011001 
111110000101 
000111111011 
000011010001 
000000010011 
001011000101 
001011110100 
110010111100 
000011011001 
000101001001 
111111010000 
110110010000 
000111000110 
000010000110 
110000100011 
111000001111 
101011101100 
110001000100 
000000101110 
000011001100 
001010011011 
110100110011 
110101000101 
110111111111 
001000010000 
111001010000 
000110111011 
111010111111 
111000000000 
110001111000 
111001001111 
111011011101 
001010011000 
000011001100 
000111000011 
110100001011 
110000100100 
000010000010 
111100010100 
000100010110 
000001000001 
000011100011 
001011110100 
001000111110 
110101111011 
111110001001 
110000100111 
111110111001 
111101011000 
111010100100 
110000010101 
110110100101 
000010011101 
000110100001 
111111111111 
111010100001 
000011110010 
110011011100 
001000100011 
111010000111 
010000001010 
001011010010 
000101001111 
001000101011 
111101111111 
000101000001 
000011100100 
001100001000 
110100011010 
000010001010 
111000001011 
000001110011 
001011101111 
000011101101 
111101010011 
111100010001 
000000011010 
001000011110 
111001111100 
001010101100 
000000001100 
110110000110 
000110000001 
111111101111 
111010101101 
111101111011 
111110100111 
001100111011 
000000010011 
110011101101 
110111100011 
000000000111 
110111100000 
101110110110 
000000001111 
111010011011 
110110011110 
000110011100 
000000010110 
111110111110 
001000111010 
111010111010 
111001100001 
001011010111 
111100101101 
000001110001 
001111000100 
000110100000 
111011110000 
000000111010 
111100110101 
000010000101 
000010001001 
110110001101 
001010001000 
000010011010 
000101110111 
111110011011 
110101001110 
000100001010 
001001110011 
111001011001 
110101101111 
000001101101 
000010100110 
000011111010 
001000000000 
110110110100 
000010110100 
110011100100 
110111001001 
111110100001 
110100000011 
010001111011 
001001001101 
110110101011 
000110010100 
000000101010 
000100001000 
001111111010 
000010100010 
111111101000 
000011111101 
101010100001 
111101011001 
001000011111 
110110100100 
111001100000 
111101010000 
111011100010 
111101111001 
111110011101 
111100011100 
111011110000 
000000001000 
000110011110 
111011101001 
110111010011 
000111000100 
111110101100 
110001111110 
000100001110 
110111000101 
000111110001 
100000000010 
001100111100 
110110110110 
000110111000 
000001001111 
111101001101 
000110000011 
000110101001 
111011100010 
111010110010 
000110011110 
110111010110 
010001000011 
111010001101 
000100100001 
111010100101 
000001100011 
111000111111 
001000010111 
111101010111 
000100001010 
000110001010 
111110000111 
111100100111 
001101111101 
110111110001 
010001101000 
111111000110 
110000100001 
000011110011 
000110111001 
000110110111 
110110001101 
111010000001 
001000010001 
001011010001 
111011100010 
111010100100 
000101100101 
000000000011 
000100100011 
111111001001 
111011100100 
111101011000 
111100001100 
111111100010 
000010000110 
111101001000 
110011000001 
000000101011 
000101110110 
111100111100 
110011100110 
110110100000 
000011010100 
111100111110 
001001110110 
110010011110 
010111110000 
000110001110 
000011001100 
000011101100 
111100011010 
111111010000 
111101110110 
000011010100 
000101011000 
110100000100 
111001101010 
010000110110 
110101000100 
110011111110 
000001101001 
110111011011 
000001011000 
101111100110 
000100010000 
111100111100 
111110001001 
111100011111 
111000101111 
111100111101 
000100100110 
000100101100 
111101000101 
000001001101 
111110011001 
000010101111 
000110011111 
111111101101 
010000101100 
001010001010 
111111001111 
111111000101 
111111010010 
110000110100 
111100001000 
000010110100 
000000100011 
111110110011 
000101000011 
000111101101 
111110101111 
000111000111 
111011001111 
000111000011 
000001101011 
111001011001 
000101101101 
000000101101 
000011001000 
000100101110 
111101101010 
000001101010 
111011010101 
001011100011 
111000001100 
001101101000 
001000001001 
000100011011 
000101001010 
001001001010 
111011110001 
000111000001 
001011110000 
000001000100 
111011010001 
111011100101 
000010110110 
000110101010 
001000010000 
110011110110 
101101111011 
000101011101 
111010111100 
110011001110 
000001011001 
111001001111 
001101010101 
111000001111 
001000000111 
001011100011 
000000001111 
111100001111 
000010010001 
000001010101 
000001101111 
111000110111 
111000110110 
111000101000 
111010001000 
111010000100 
111001100000 
000011110010 
111010111101 
000111110011 
001100001001 
001011011101 
111110111111 
101011001111 
111110010011 
111010000011 
110111110100 
000001000110 
111001010100 
111100011010 
110111001010 
000001010010 
000000111011 
000100000111 
111100110111 
111001100001 
110110000110 
010101101010 
110010000110 
111111101110 
110100010101 
110010110111 
110110110011 
000100010111 
111010010010 
000111011010 
001001100100 
001100100100 
000111011100 
000111100100 
110111010010 
111011010100 
111100000101 
000000111011 
111100010110 
001010111010 
000001001010 
001001100010 
000001011100 
110110101000 
000101111101 
111100011011 
001110000111 
110110111101 
111101111000 
000110000010 
000010000101 
001011001001 
111111010001 
101001101001 
001100001100 
110110101110 
001001001101 
001101011001 
001000000111 
110001101101 
000111111110 
000001100100 
111101110001 
110101110101 
111110101000 
001101010000 
110111011010 
001001100010 
001000110011 
000101111011 
000001101111 
110101000001 
000101011001 
110011001001 
000001010000 
000010101110 
111011100101 
110101000101 
000011011000 
001000010000 
100111111101 
111001100011 
110000100110 
000100111100 
111000011111 
111011010101 
111010100000 
111111001100 
111000101101 
111000100011 
000010010011 
111011010011 
111011100001 
000000001101 
001011010111 
101100001111 
111011000011 
110001000101 
110100111010 
110111011110 
110100101101 
111010001011 
111110011010 
000000010010 
110101101111 
001011110101 
111101010110 
111101100000 
001100000110 
001111100000 
111000100100 
000111000000 
000000111111 
000000001111 
000001110000 
111010101100 
000110110010 
000111001100 
001011110011 
000110010111 
110101011111 
010000010101 
111001100100 
000000010010 
000111101010 
000011000000 
111001010001 
101010100101 
111110011111 
111011001101 
001101110000 
111111011100 
111011110100 
110111100000 
110110101110 
110110101100 
110101111000 
000111001010 
000011100010 
001000100110 
000010001111 
111110110001 
111110111111 
000110010111 
111100100101 
000100111101 
000010011000 
000000110100 
111011001010 
000101011100 
001000101000 
000000001100 
000001000100 
111111001110 
110101100011 
000001010001 
000010111000 
000110100010 
000100010100 
111101001010 
000100000101 
110111100011 
000011000001 
000101111011 
111100110010 
111101010000 
111101010110 
000001111100 
111001100111 
111000001101 
111101011010 
110110001100 
010001000111 
000101101011 
000010001001 
111011101011 
001000011010 
110010001110 
111010010110 
111001010000 
000000010110 
000000011100 
000001101101 
000110101011 
000000100010 
000000110000 
111011111110 
111110010010 
001110001010 
111101010100 
111111111110 
000100101000 
111111000010 
111111011110 
110110001011 
111100011011 
111010001101 
001000110111 
000100000101 
111011010001 
110001000000 
111111111010 
000011011101 
111101101011 
001000000110 
010001010100 
000101110101 
001001011011 
111000010101 
111000010011 
000000010100 
101111001010 
111100011100 
001001001010 
110110011110 
001001111110 
000100101011 
000001111011 
001000001010 
000111011000 
110110111010 
111100111000 
111110011011 
000000000011 
111011110001 
111100000001 
111001000100 
001001110010 
000101010111 
101100001101 
000001101111 
000101101101 
001011000110 
000011101100 
000011001011 
111100101101 
111110010110 
001110110000 
001110010001 
111101110001 
000100100111 
111110011101 
111110010010 
010101011010 
000001100110 
110101100010 
010100100101 
000101001101 
111111101001 
001101001101 
111010100010 
000111100000 
111010100101 
001000101001 
000111011000 
111111111110 
111111000100 
110101011000 
110110010110 
101011010100 
001101101010 
111110111010 
111110110101 
010011101101 
111110011100 
000100110000 
110111110110 
001010110100 
111001111011 
111110101011 
111110111100 
110111011000 
110100101001 
111111001011 
111111010000 
001001111010 
111111011101 
111010010101 
101001011101 
111000000111 
000000000010 
111100110100 
111010010010 
001101111010 
111001001101 
111110000101 
110000000111 
000101010111 
110100111101 
001010101101 
110101000101 
110110011011 
001111010111 
000100111011 
110111010100 
110110011010 
111101010010 
000000110110 
111001000111 
000010100101 
111100001000 
111010111000 
111100100100 
111111100110 
000100010010 
000101000110 
000010101110 
000100100010 
000010111010 
111011101110 
000000001101 
111101110011 
011000000010 
111100100110 
111101110000 
000010111100 
110101101100 
001101010110 
000101011110 
000110111110 
111110111001 
111110110011 
111111000101 
111011110101 
001000000011 
110011101011 
000100010001 
001111010101 
111111011100 
111111000000 
111000100011 
001110001111 
111110101011 
101100011011 
000100111111 
000001011001 
111011011111 
010001100011 
000010000101 
000011110001 
000010100100 
111001100110 
111000101001 
001110010101 
001000100101 
110101100001 
111010100110 
111111101010 
000000010010 
111110111000 
000000100011 
000010111001 
111000011011 
111000010111 
000110110001 
111101000111 
000100100000 
111111011010 
001101100101 
001001110101 
111111101101 
111100100101 
001101010110 
000110000010 
000011110011 
000111011001 
111100010111 
111011101001 
110001101111 
111010110011 
111100010000 
111111001100 
111110011110 
000110100100 
111011111111 
110111100101 
001000101010 
110011110100 
110110101011 
110001110011 
000000101011 
101101001001 
000100101101 
000001101101 
000010100011 
000101001101 
111010101000 
111111010100 
010001001001 
000000100111 
000111001010 
001111001100 
111010110100 
110110001110 
110101110110 
000011110000 
111110101101 
111000001101 
110001001010 
111000100010 
000101101000 
001000100000 
001111000110 
111100111110 
111110011000 
001010001010 
000111101101 
111001001111 
111000111010 
001000101100 
111100001111 
001101001101 
110011010110 
111011001100 
000000111010 
111111111000 
001011000110 
000011100110 
000110100100 
111100101000 
001010000000 
000001100000 
000011011111 
111111111001 
111001110110 
000101001100 
111000010000 
000000010110 
000110101011 
000000010001 
000000010000 
111001011000 
110110011010 
111010000100 
101111111010 
001001011110 
000011000111 
000010011101 
000000100110 
111000111010 
000001010011 
111010100101 
001010001001 
111110100111 
111100010001 
110011011101 
111001001111 
001011010011 
001001001111 
000000101101 
110001001001 
000101010001 
000011101000 
111100110110 
000011010100 
111100000000 
001100010110 
010011001110 
110011011011 
000111000101 
000010101110 
000100111110 
000001110001 
111001111011 
000011011000 
110101010000 
110110011000 
111011101100 
111010001111 
101010011111 
111001110010 
110111011000 
000000000011 
111100110101 
000011010010 
000000111100 
111011101111 
000111000111 
111110001110 
000010011110 
000111010111 
111010001001 
001000100100 
111001110010 
111101001111 
111010000111 
111010010010 
000011101110 
111110011111 
000101011111 
000000001011 
111000010111 
000000101111 
000010001101 
000000011000 
110110000110 
010001011011 
110011011111 
110111011010 
000000110110 
001001011111 
111101010001 
111000000010 
110110100000 
111011110001 
000100011011 
001111110101 
111110111011 
111110100001 
111111111111 
001000111100 
000011010010 
001000000000 
000011011110 
000110111011 
111111100111 
000000000101 
111010000101 
111110100110 
000010110000 
000101010101 
000010101001 
111100010000 
001110001110 
000011010010 
000110101110 
000110011011 
000111110111 
000100111101 
111110001011 
010010001011 
111110101001 
111101110100 
110111011000 
001100010010 
010100001110 
111010010000 
000010000110 
000100011010 
000100000110 
110010010010 
110001011100 
000001101001 
000000001001 
000000111000 
111000101110 
110010100011 
111000001101 
110000110110 
110010001110 
111110010010 
111001010100 
110111111110 
111101100100 
111111011001 
111110100001 
110110011111 
010100110101 
111110110101 
111111000101 
110110011110 
000100110110 
111000001010 
000011010100 
000100100011 
000111100011 
000111110001 
110000000101 
111101011000 
010001010100 
000111101101 
110100001001 
001111111000 
110011001010 
000111100010 
111110111100 
111100001001 
000100101011 
110000000111 
111101010111 
000110000010 
000101111110 
001000101000 
000100000010 
111000100110 
111101000110 
001001000101 
110011011011 
110110100011 
111110101011 
001001001100 
111101011100 
001011010111 
000001010101 
110111111010 
111100010100 
110001011110 
111100111000 
111000111000 
001010000110 
110010010110 
000111011010 
111110111101 
111011110111 
001011011000 
111110111110 
110010011110 
010010010000 
111011111101 
111010111111 
111001100111 
000110011011 
000010100000 
111111000000 
010010100110 
111011010010 
010010101011 
111001001101 
111011110000 
111010011110 
000101001001 
000110001101 
001010100101 
000011001111 
000111010011 
111001011001 
111011101101 
111101001101 
110100111000 
000101010010 
111111011011 
000110010001 
000010111010 
001011111000 
000010000010 
111111010100 
110110101010 
000111011100 
000001111110 
110101010110 
111101001100 
000000001110 
000110111011 
111001111101 
000100100001 
110111011101 
110110011101 
001000000101 
111000100110 
110101001100 
111010110011 
110101111011 
110101001010 
000111011000 
000100001000 
000001101010 
000111000101 
111100111111 
111100010101 
111011100011 
001010000111 
110110101111 
110011010111 
101011100101 
110110100100 
000001111010 
000111111010 
111111111100 
001011011011 
000011011111 
111010111101 
000000011111 
000000010001 
001000000111 
111100001000 
000101110100 
000100011101 
000110001011 
001000101010 
110111111000 
110101110010 
111111010100 
111100100000 
000001001000 
111010110100 
000110111000 
000111000011 
110111001101 
000011101010 
000111111100 
111001001110 
111101010010 
111001001110 
101101110110 
001011011010 
111111100010 
111000111101 
000001111111 
000011001001 
111101101011 
111010101011 
111110111001 
110111110010 
111100100100 
001000111101 
001110110011 
111100011100 
000010001010 
111100110111 
000101001011 
110011101000 
001000001100 
110100111000 
011001110110 
110100001101 
111101110011 
001011011001 
000100010001 
000101111000 
001001010010 
110111110111 
000100010001 
000100000000 
111011100010 
111100110101 
111001010011 
111100001111 
111101111001 
000001010100 
110100011110 
000010001000 
111110010100 
000110011110 
001111001000 
000000110111 
111100011011 
111011011110 
110011101100 
010011100111 
111000100111 
000101001111 
111100111011 
111110011001 
111000110011 
111101100011 
110111101001 
000011110010 
000110110000 
111101101011 
101101001001 
000010111111 
111111101101 
101010011010 
110111100010 
110000000101 
111010010001 
000010101100 
110110010110 
001001000110 
001001100100 
110100001011 
000011100011 
111000010101 
001011010101 
000000000011 
000101000011 
000111100010 
000111010010 
000011000101 
111111111001 
000000100100 
111101110000 
111011001110 
000100110100 
000111100101 
110010110101 
000000001100 
000000101000 
111000010100 
101100011110 
111010111001 
001010101101 
000011010111 
111100000011 
111110110101 
001010011011 
000100000010 
111111011000 
000010111011 
111111011001 
110111101101 
110000101011 
000001001110 
001000100010 
111010110011 
000010000111 
110111000000 
001001010000 
111111000111 
111111100101 
000100000100 
110010000000 
000010101011 
001010000101 
111101101100 
111000001010 
111011000011 
001110011011 
001111001101 
001010100111 
111010101100 
000110101000 
000000100101 
001001100011 
101100011111 
111010100111 
111111101111 
000101011011 
001011110111 
111101001001 
101101010101 
110000001101 
110011010101 
000100001111 
111111101100 
111110001110 
001101011001 
000100101111 
110110111101 
111101010111 
001011000000 
111110010010 
000111101001 
111011011101 
111000110011 
001000011001 
110111110100 
000001001100 
001001100100 
000000000000 
111010111010 
000000010110 
101111101100 
111100110010 
000111011001 
000001100111 
000000100011 
101101100001 
111001010111 
001000100001 
111111010001 
111001011001 
111110000110 
110111110000 
111000110001 
000010001111 
111000010111 
001010111011 
111110010010 
001000101010 
111111100101 
000000010101 
000000100110 
111110111110 
111100101100 
000101111100 
000111010011 
001110100101 
000101100001 
110011101011 
000000100101 
001000100101 
000011100010 
000010101110 
001001110010 
000010001110 
101000010000 
000110000110 
000001010011 
111001011101 
001101110101 
000101001011 
111101100101 
111011110111 
110101011101 
111101000011 
111110110101 
111100111101 
000001001111 
111110111011 
110110111110 
000100011110 
000001011100 
111101000000 
111111001000 
000000001000 
110011100111 
111101001111 
111111111101 
111111110001 
000001011111 
001000000001 
000010110011 
111111010101 
111111000010 
111001101010 
000001100111 
111111011101 
111011011001 
110111100001 
000110111011 
000101111001 
111011011001 
111000010001 
110000101111 
000110011111 
111110111100 
111011010010 
111100010100 
000011101100 
111010001000 
101111011100 
111010100011 
000110101101 
001110110110 
111100000000 
110100101000 
000000011010 
000000000110 
000101101100 
000000000001 
111100010001 
111001011011 
111010000111 
111111000011 
111001110101 
010000110000 
111001101010 
000111010011 
000110111011 
111110101111 
110100011111 
000100101001 
110111111111 
000000000101 
001010000011 
000011000001 
001101111101 
111000011100 
101110010100 
111111111000 
000000001100 
111111110110 
000101110110 
000110110010 
001000011000 
001000000001 
000110000101 
111100111011 
111001110111 
001011111100 
111000101110 
010010101110 
111111100110 
110011000000 
111110001110 
111111101000 
000000010010 
110101001011 
111101010101 
001110010100 
111110001100 
000110010110 
000111100010 
001001110101 
111011111101 
000001111001 
000011000111 
110101100110 
111111111110 
000010011000 
000110000000 
000010110111 
111001100001 
000000100111 
111001101001 
111010010110 
000010111000 
010001110100 
110001000010 
111101101101 
110011110101 
110101010111 
111010010001 
000001111111 
111100010111 
000101100100 
001100001010 
000011110111 
000101010001 
110111000101 
000111111111 
111101011001 
110100101101 
000100000101 
001000001101 
001100010100 
111010111010 
000111000001 
111111011111 
000101101110 
010000010000 
000000010011 
111111000111 
111010010101 
111111011111 
000110011001 
000001101101 
110110110011 
111011001001 
000100100011 
000111001011 
110101101010 
001000110010 
110011111000 
111110110000 
110100111011 
111011111011 
110000100101 
111000111111 
000111001001 
000011111001 
000001001100 
110110010000 
001010010111 
010001101011 
000010011100 
000000110110 
111101111011 
111001111101 
111100010111 
000001011111 
111000110011 
111001011011 
111111111111 
111011111011 
000111110110 
110101110010 
000011111000 
110001011010 
111111110100 
110101000000 
000001110110 
111111110110 
001000011110 
110110111110 
000010111100 
000111010010 
000101100001 
000010111111 
100111100011 
110101000011 
110100001100 
000100100000 
111010010110 
001011000010 
110101001111 
110011011011 
101111010010 
110110111110 
111110010100 
000101011010 
111011011110 
000110001010 
111001110011 
000100101111 
000010111000 
111010110100 
110101100001 
111010010111 
110001110110 
000000011010 
110111101000 
000011110000 
111100001110 
111011001100 
110111010000 
000100010100 
001001000101 
000001000101 
000110010011 
111100100001 
111000000011 
001011011111 
010010011101 
110011111001 
001000111010 
000101110100 
111110010110 
111001111100 
000111100001 
110111001001 
111011011111 
001101110101 
111010000101 
001000001001 
111100010001 
000001011101 
000110100101 
000101000111 
111111010000 
111001111110 
000010101101 
001000001011 
000101000011 
001011100101 
001100010001 
001000001001 
111100000101 
111110011101 
000001110100 
110110110000 
111001011110 
000011001110 
111101011101 
000001111101 
001010000100 
111100100010 
000001010001 
000100101001 
111001010111 
010011000011 
111000111011 
110001011111 
010101011101 
111100001001 
000100100001 
000010111001 
